ARRIVAL_REQUEST_@TIME,SLICE_MEC_CPU_REQUEST,SLICE_MEC_RAM_REQUEST,SLICE_MEC_STORAGE_REQUEST,SLICE_MEC_BW_REQUEST,SLICE_RAN_R_REQUEST,SLICE_RAN_L_REQUEST,SLICE_KILL_@TIME
0.006,2.0,4.0,8.0,5.0,10.0,8.0,1.006
0.052,2.0,4.0,8.0,5.0,10.0,8.0,1.052
0.096,4.0,4.0,16.0,20.0,25.0,2.0,5.096
0.1,4.0,12.0,64.0,30.0,50.0,15.0,6.1
0.174,4.0,8.0,32.0,20.0,45.0,1.0,5.174
0.176,2.0,4.0,10.0,8.0,15.0,7.0,5.176
0.228,4.0,8.0,32.0,20.0,45.0,1.0,7.228
0.297,4.0,8.0,20.0,14.0,30.0,1.0,12.297
0.425,2.0,16.0,20.0,25.0,35.0,25.0,8.425
0.468,4.0,12.0,64.0,30.0,50.0,15.0,8.468
0.475,2.0,4.0,10.0,10.0,5.0,40.0,7.475
0.481,4.0,8.0,16.0,25.0,28.0,5.0,7.481
0.484,2.0,4.0,8.0,5.0,10.0,8.0,3.484
0.494,2.0,16.0,20.0,25.0,35.0,25.0,7.494
0.531,4.0,8.0,20.0,14.0,30.0,1.0,11.531
0.531,4.0,8.0,25.0,15.0,40.0,30.0,2.531
0.541,2.0,4.0,10.0,10.0,5.0,40.0,8.541
0.554,1.0,2.0,5.0,2.0,8.0,35.0,11.554
0.556,4.0,8.0,32.0,20.0,45.0,1.0,4.556
0.627,4.0,12.0,64.0,30.0,50.0,15.0,8.627
0.644,4.0,8.0,25.0,15.0,40.0,30.0,1.644
0.678,4.0,8.0,16.0,25.0,28.0,5.0,15.678
0.689,2.0,4.0,10.0,10.0,5.0,40.0,12.689
0.752,2.0,4.0,8.0,5.0,10.0,8.0,0.752
0.795,2.0,4.0,10.0,10.0,5.0,40.0,14.795
0.799,2.0,4.0,10.0,8.0,15.0,7.0,9.799
0.811,4.0,8.0,16.0,25.0,28.0,5.0,9.811
0.813,2.0,4.0,10.0,8.0,15.0,7.0,11.813
0.892,1.0,2.0,5.0,2.0,8.0,35.0,7.892
0.929,2.0,4.0,8.0,5.0,10.0,8.0,3.929
0.949,4.0,12.0,64.0,30.0,50.0,15.0,8.949
1.018,4.0,8.0,25.0,15.0,40.0,30.0,4.018
1.052,4.0,8.0,25.0,15.0,40.0,30.0,1.052
1.057,2.0,16.0,20.0,25.0,35.0,25.0,8.057
1.074,4.0,8.0,20.0,14.0,30.0,1.0,10.074
1.088,4.0,12.0,64.0,30.0,50.0,15.0,12.088
1.182,4.0,8.0,25.0,15.0,40.0,30.0,7.182
1.195,2.0,4.0,10.0,8.0,15.0,7.0,9.195
1.197,4.0,8.0,20.0,14.0,30.0,1.0,3.197
1.208,2.0,4.0,10.0,10.0,5.0,40.0,13.208
1.209,2.0,4.0,10.0,10.0,5.0,40.0,20.209
1.217,4.0,8.0,25.0,15.0,40.0,30.0,3.217
1.237,4.0,12.0,64.0,30.0,50.0,15.0,7.237
1.245,4.0,16.0,64.0,30.0,54.0,20.0,9.245
1.336,4.0,8.0,25.0,15.0,40.0,30.0,4.336
1.369,2.0,4.0,10.0,8.0,15.0,7.0,5.369
1.392,4.0,8.0,25.0,15.0,40.0,30.0,3.392
1.436,4.0,16.0,64.0,30.0,54.0,20.0,9.436
1.471,2.0,4.0,10.0,10.0,5.0,40.0,5.471
1.485,2.0,4.0,10.0,8.0,15.0,7.0,10.485
1.493,4.0,12.0,64.0,30.0,50.0,15.0,12.493
1.585,4.0,8.0,25.0,15.0,40.0,30.0,4.585
1.603,2.0,4.0,10.0,10.0,5.0,40.0,15.603
1.65,1.0,2.0,5.0,2.0,8.0,35.0,12.65
1.652,2.0,4.0,10.0,8.0,15.0,7.0,9.652
1.68,4.0,8.0,25.0,15.0,40.0,30.0,4.68
1.695,1.0,2.0,5.0,2.0,8.0,35.0,11.695
1.707,4.0,4.0,16.0,20.0,25.0,2.0,19.707
1.723,2.0,4.0,8.0,5.0,10.0,8.0,5.723
1.823,4.0,8.0,25.0,15.0,40.0,30.0,4.823
1.882,4.0,16.0,64.0,30.0,54.0,20.0,9.882
1.892,4.0,8.0,32.0,20.0,45.0,1.0,10.892
1.94,2.0,4.0,8.0,5.0,10.0,8.0,1.94
1.976,4.0,4.0,16.0,20.0,25.0,2.0,6.976
1.984,4.0,16.0,64.0,30.0,54.0,20.0,7.984
2.018,4.0,8.0,20.0,14.0,30.0,1.0,5.018
2.078,2.0,16.0,20.0,25.0,35.0,25.0,5.078
2.094,4.0,12.0,64.0,30.0,50.0,15.0,11.094
2.126,4.0,8.0,16.0,25.0,28.0,5.0,14.126
2.164,4.0,8.0,32.0,20.0,45.0,1.0,6.164
2.237,4.0,8.0,16.0,25.0,28.0,5.0,12.237
2.262,2.0,16.0,20.0,25.0,35.0,25.0,7.262
2.303,2.0,4.0,10.0,8.0,15.0,7.0,13.303
2.311,2.0,4.0,10.0,10.0,5.0,40.0,13.311
2.372,4.0,4.0,16.0,20.0,25.0,2.0,14.372
2.377,4.0,8.0,20.0,14.0,30.0,1.0,9.377
2.474,2.0,4.0,8.0,5.0,10.0,8.0,4.474
2.486,4.0,8.0,32.0,20.0,45.0,1.0,6.486
2.486,4.0,8.0,25.0,15.0,40.0,30.0,3.486
2.499,2.0,4.0,10.0,8.0,15.0,7.0,17.499
2.502,2.0,16.0,20.0,25.0,35.0,25.0,7.502
2.519,2.0,4.0,10.0,10.0,5.0,40.0,15.519
2.537,4.0,8.0,32.0,20.0,45.0,1.0,12.537
2.544,4.0,8.0,20.0,14.0,30.0,1.0,7.544
2.557,2.0,16.0,20.0,25.0,35.0,25.0,7.557
2.56,4.0,8.0,25.0,15.0,40.0,30.0,6.56
2.595,2.0,16.0,20.0,25.0,35.0,25.0,5.595
2.609,4.0,8.0,20.0,14.0,30.0,1.0,6.609
2.638,4.0,16.0,64.0,30.0,54.0,20.0,9.638
2.641,1.0,2.0,5.0,2.0,8.0,35.0,11.641
2.644,4.0,8.0,25.0,15.0,40.0,30.0,4.644
2.646,2.0,4.0,10.0,10.0,5.0,40.0,14.646
2.667,4.0,8.0,25.0,15.0,40.0,30.0,5.667
2.69,4.0,16.0,64.0,30.0,54.0,20.0,9.69
2.698,1.0,2.0,5.0,2.0,8.0,35.0,10.698
2.797,4.0,8.0,20.0,14.0,30.0,1.0,5.797
2.811,4.0,4.0,16.0,20.0,25.0,2.0,10.811
2.822,4.0,8.0,20.0,14.0,30.0,1.0,7.822
2.875,2.0,4.0,10.0,8.0,15.0,7.0,15.875
2.892,2.0,4.0,8.0,5.0,10.0,8.0,3.892
2.896,2.0,4.0,8.0,5.0,10.0,8.0,5.896
2.896,4.0,12.0,64.0,30.0,50.0,15.0,12.896
2.935,4.0,8.0,16.0,25.0,28.0,5.0,11.935
2.978,4.0,8.0,32.0,20.0,45.0,1.0,16.978
2.989,4.0,12.0,64.0,30.0,50.0,15.0,9.989
3.001,4.0,8.0,20.0,14.0,30.0,1.0,6.001
3.036,4.0,16.0,64.0,30.0,54.0,20.0,13.036
3.046,4.0,4.0,16.0,20.0,25.0,2.0,8.046
3.057,1.0,2.0,5.0,2.0,8.0,35.0,14.057
3.076,4.0,8.0,20.0,14.0,30.0,1.0,9.076
3.083,4.0,8.0,16.0,25.0,28.0,5.0,12.083
3.201,2.0,4.0,8.0,5.0,10.0,8.0,8.201
3.201,2.0,4.0,8.0,5.0,10.0,8.0,7.201
3.263,1.0,2.0,5.0,2.0,8.0,35.0,15.263
3.304,4.0,12.0,64.0,30.0,50.0,15.0,11.304
3.317,2.0,4.0,10.0,8.0,15.0,7.0,14.317
3.317,4.0,8.0,20.0,14.0,30.0,1.0,8.317
3.357,4.0,8.0,20.0,14.0,30.0,1.0,9.357
3.402,1.0,2.0,5.0,2.0,8.0,35.0,13.402
3.436,2.0,16.0,20.0,25.0,35.0,25.0,7.436
3.496,2.0,4.0,8.0,5.0,10.0,8.0,7.496
3.503,4.0,4.0,16.0,20.0,25.0,2.0,7.503
3.557,2.0,4.0,8.0,5.0,10.0,8.0,4.557
3.583,2.0,4.0,8.0,5.0,10.0,8.0,5.583
3.587,2.0,4.0,8.0,5.0,10.0,8.0,7.587
3.615,4.0,8.0,16.0,25.0,28.0,5.0,15.615
3.617,2.0,4.0,10.0,10.0,5.0,40.0,10.617
3.624,4.0,8.0,32.0,20.0,45.0,1.0,9.624
3.628,4.0,8.0,16.0,25.0,28.0,5.0,10.628
3.672,2.0,4.0,10.0,10.0,5.0,40.0,9.672
3.673,4.0,8.0,16.0,25.0,28.0,5.0,9.673
3.698,4.0,8.0,20.0,14.0,30.0,1.0,8.698
3.723,2.0,4.0,10.0,8.0,15.0,7.0,12.723
3.742,4.0,8.0,16.0,25.0,28.0,5.0,10.742
3.758,2.0,16.0,20.0,25.0,35.0,25.0,9.758
3.761,4.0,8.0,16.0,25.0,28.0,5.0,21.761
3.762,2.0,4.0,10.0,8.0,15.0,7.0,15.762
3.77,4.0,8.0,16.0,25.0,28.0,5.0,12.77
3.779,4.0,8.0,16.0,25.0,28.0,5.0,17.779
3.824,4.0,4.0,16.0,20.0,25.0,2.0,10.824
3.83,2.0,16.0,20.0,25.0,35.0,25.0,12.83
3.843,1.0,2.0,5.0,2.0,8.0,35.0,13.843
3.844,2.0,4.0,10.0,10.0,5.0,40.0,14.844
3.869,2.0,4.0,8.0,5.0,10.0,8.0,7.869
3.872,2.0,4.0,10.0,8.0,15.0,7.0,15.872
3.872,4.0,8.0,16.0,25.0,28.0,5.0,11.872
3.925,4.0,8.0,25.0,15.0,40.0,30.0,3.925
4.021,4.0,12.0,64.0,30.0,50.0,15.0,9.021
4.071,2.0,4.0,8.0,5.0,10.0,8.0,6.071
4.072,4.0,8.0,32.0,20.0,45.0,1.0,11.072
4.101,4.0,8.0,20.0,14.0,30.0,1.0,9.101
4.178,4.0,16.0,64.0,30.0,54.0,20.0,12.178
4.227,2.0,4.0,8.0,5.0,10.0,8.0,4.227
4.27,1.0,2.0,5.0,2.0,8.0,35.0,16.27
4.271,2.0,16.0,20.0,25.0,35.0,25.0,9.271
4.308,4.0,8.0,25.0,15.0,40.0,30.0,5.308
4.325,2.0,16.0,20.0,25.0,35.0,25.0,9.325
4.361,4.0,16.0,64.0,30.0,54.0,20.0,14.361
4.441,4.0,16.0,64.0,30.0,54.0,20.0,13.441
4.531,2.0,4.0,10.0,8.0,15.0,7.0,14.531
4.567,2.0,16.0,20.0,25.0,35.0,25.0,12.567
4.575,4.0,8.0,20.0,14.0,30.0,1.0,12.575
4.582,2.0,4.0,10.0,10.0,5.0,40.0,11.582
4.592,1.0,2.0,5.0,2.0,8.0,35.0,14.592
4.633,2.0,4.0,8.0,5.0,10.0,8.0,10.633
4.656,4.0,16.0,64.0,30.0,54.0,20.0,11.656
4.67,4.0,8.0,32.0,20.0,45.0,1.0,9.67
4.686,2.0,4.0,8.0,5.0,10.0,8.0,6.686
4.705,4.0,12.0,64.0,30.0,50.0,15.0,14.705
4.706,4.0,8.0,20.0,14.0,30.0,1.0,12.706
4.818,4.0,4.0,16.0,20.0,25.0,2.0,11.818
4.822,4.0,16.0,64.0,30.0,54.0,20.0,11.822
4.842,4.0,8.0,20.0,14.0,30.0,1.0,9.842
4.999,4.0,8.0,16.0,25.0,28.0,5.0,11.999
5.079,2.0,16.0,20.0,25.0,35.0,25.0,11.079
5.097,4.0,8.0,20.0,14.0,30.0,1.0,13.097
5.129,4.0,8.0,25.0,15.0,40.0,30.0,8.129
5.133,4.0,4.0,16.0,20.0,25.0,2.0,11.133
5.157,4.0,8.0,16.0,25.0,28.0,5.0,21.157
5.163,2.0,16.0,20.0,25.0,35.0,25.0,8.163
5.246,2.0,16.0,20.0,25.0,35.0,25.0,12.246
5.25,2.0,4.0,8.0,5.0,10.0,8.0,10.25
5.263,4.0,8.0,16.0,25.0,28.0,5.0,10.263
5.314,4.0,8.0,20.0,14.0,30.0,1.0,11.314
5.35,1.0,2.0,5.0,2.0,8.0,35.0,14.35
5.416,4.0,8.0,16.0,25.0,28.0,5.0,15.416
5.477,4.0,8.0,25.0,15.0,40.0,30.0,6.477
5.501,4.0,16.0,64.0,30.0,54.0,20.0,10.501
5.554,1.0,2.0,5.0,2.0,8.0,35.0,12.554
5.635,2.0,4.0,10.0,8.0,15.0,7.0,11.635
5.658,4.0,8.0,20.0,14.0,30.0,1.0,9.658
5.659,4.0,12.0,64.0,30.0,50.0,15.0,16.659
5.728,2.0,4.0,8.0,5.0,10.0,8.0,6.728
5.761,4.0,16.0,64.0,30.0,54.0,20.0,15.761
5.873,2.0,4.0,10.0,10.0,5.0,40.0,15.873
5.888,1.0,2.0,5.0,2.0,8.0,35.0,15.888
5.922,2.0,4.0,10.0,10.0,5.0,40.0,13.922
5.935,2.0,4.0,8.0,5.0,10.0,8.0,8.935
5.942,4.0,8.0,16.0,25.0,28.0,5.0,14.942
5.968,2.0,4.0,8.0,5.0,10.0,8.0,7.968
5.998,1.0,2.0,5.0,2.0,8.0,35.0,15.998
6.05,2.0,4.0,8.0,5.0,10.0,8.0,9.05
6.055,4.0,8.0,25.0,15.0,40.0,30.0,8.055
6.06,4.0,8.0,20.0,14.0,30.0,1.0,11.06
6.063,2.0,16.0,20.0,25.0,35.0,25.0,9.063
6.143,4.0,4.0,16.0,20.0,25.0,2.0,14.143
6.16,4.0,8.0,20.0,14.0,30.0,1.0,12.16
6.164,4.0,16.0,64.0,30.0,54.0,20.0,19.164
6.224,2.0,4.0,10.0,10.0,5.0,40.0,12.224
6.236,4.0,8.0,20.0,14.0,30.0,1.0,13.236
6.306,4.0,8.0,32.0,20.0,45.0,1.0,15.306
6.311,1.0,2.0,5.0,2.0,8.0,35.0,12.311
6.368,4.0,8.0,20.0,14.0,30.0,1.0,7.368
6.378,4.0,8.0,20.0,14.0,30.0,1.0,13.378
6.378,1.0,2.0,5.0,2.0,8.0,35.0,16.378
6.409,1.0,2.0,5.0,2.0,8.0,35.0,17.409
6.412,4.0,8.0,32.0,20.0,45.0,1.0,14.412
6.475,2.0,4.0,10.0,10.0,5.0,40.0,13.475
6.481,4.0,8.0,25.0,15.0,40.0,30.0,8.481
6.525,1.0,2.0,5.0,2.0,8.0,35.0,20.525
6.564,4.0,8.0,20.0,14.0,30.0,1.0,16.564
6.577,4.0,8.0,20.0,14.0,30.0,1.0,11.577
6.59,1.0,2.0,5.0,2.0,8.0,35.0,16.59
6.593,2.0,4.0,8.0,5.0,10.0,8.0,7.593
6.62,4.0,8.0,25.0,15.0,40.0,30.0,6.62
6.635,4.0,8.0,16.0,25.0,28.0,5.0,15.635
6.684,4.0,4.0,16.0,20.0,25.0,2.0,17.684
6.714,2.0,16.0,20.0,25.0,35.0,25.0,12.714
6.743,4.0,8.0,16.0,25.0,28.0,5.0,19.743
6.805,2.0,16.0,20.0,25.0,35.0,25.0,8.805
6.848,2.0,4.0,8.0,5.0,10.0,8.0,10.848
6.866,1.0,2.0,5.0,2.0,8.0,35.0,11.866
6.898,4.0,12.0,64.0,30.0,50.0,15.0,12.898
6.899,4.0,4.0,16.0,20.0,25.0,2.0,17.899
6.916,4.0,8.0,32.0,20.0,45.0,1.0,15.916
6.926,1.0,2.0,5.0,2.0,8.0,35.0,17.926
6.961,2.0,4.0,10.0,8.0,15.0,7.0,19.961
6.989,2.0,16.0,20.0,25.0,35.0,25.0,12.989
7.014,4.0,8.0,16.0,25.0,28.0,5.0,18.014
7.038,4.0,8.0,25.0,15.0,40.0,30.0,14.038
7.076,4.0,8.0,25.0,15.0,40.0,30.0,9.076
7.114,4.0,8.0,20.0,14.0,30.0,1.0,11.114
7.114,4.0,8.0,25.0,15.0,40.0,30.0,9.114
7.147,2.0,4.0,8.0,5.0,10.0,8.0,11.147
7.16,4.0,8.0,20.0,14.0,30.0,1.0,12.16
7.202,4.0,8.0,20.0,14.0,30.0,1.0,9.202
7.245,4.0,8.0,32.0,20.0,45.0,1.0,12.245
7.268,4.0,4.0,16.0,20.0,25.0,2.0,11.268
7.342,4.0,8.0,16.0,25.0,28.0,5.0,11.342
7.346,2.0,4.0,8.0,5.0,10.0,8.0,8.346
7.346,4.0,4.0,16.0,20.0,25.0,2.0,13.346
7.367,4.0,8.0,20.0,14.0,30.0,1.0,13.367
7.412,4.0,12.0,64.0,30.0,50.0,15.0,19.412
7.423,2.0,4.0,8.0,5.0,10.0,8.0,9.423
7.45,4.0,4.0,16.0,20.0,25.0,2.0,15.45
7.453,1.0,2.0,5.0,2.0,8.0,35.0,17.453
7.458,4.0,8.0,16.0,25.0,28.0,5.0,19.458
7.526,2.0,16.0,20.0,25.0,35.0,25.0,13.526
7.568,4.0,8.0,20.0,14.0,30.0,1.0,15.568
7.599,4.0,8.0,25.0,15.0,40.0,30.0,7.599
7.627,2.0,4.0,10.0,8.0,15.0,7.0,19.627
7.669,2.0,4.0,8.0,5.0,10.0,8.0,10.669
7.699,1.0,2.0,5.0,2.0,8.0,35.0,17.699
7.779,4.0,8.0,25.0,15.0,40.0,30.0,8.779
7.8,4.0,12.0,64.0,30.0,50.0,15.0,15.8
7.813,2.0,4.0,10.0,10.0,5.0,40.0,15.813
7.836,4.0,4.0,16.0,20.0,25.0,2.0,18.836
7.85,4.0,8.0,16.0,25.0,28.0,5.0,14.85
7.853,4.0,8.0,16.0,25.0,28.0,5.0,18.853
7.871,2.0,4.0,8.0,5.0,10.0,8.0,10.871
7.9,4.0,4.0,16.0,20.0,25.0,2.0,19.9
7.957,2.0,4.0,10.0,10.0,5.0,40.0,21.957
7.985,4.0,12.0,64.0,30.0,50.0,15.0,14.985
7.986,4.0,16.0,64.0,30.0,54.0,20.0,13.986
7.999,1.0,2.0,5.0,2.0,8.0,35.0,17.999
8.0,2.0,4.0,8.0,5.0,10.0,8.0,9.0
8.074,4.0,16.0,64.0,30.0,54.0,20.0,15.074
8.103,4.0,8.0,25.0,15.0,40.0,30.0,12.103
8.11,2.0,16.0,20.0,25.0,35.0,25.0,16.11
8.172,4.0,8.0,16.0,25.0,28.0,5.0,15.172
8.173,2.0,4.0,10.0,8.0,15.0,7.0,24.173
8.246,4.0,12.0,64.0,30.0,50.0,15.0,16.246
8.301,1.0,2.0,5.0,2.0,8.0,35.0,12.301
8.311,1.0,2.0,5.0,2.0,8.0,35.0,15.311
8.329,2.0,4.0,8.0,5.0,10.0,8.0,11.329
8.334,4.0,8.0,16.0,25.0,28.0,5.0,14.334
8.399,2.0,4.0,8.0,5.0,10.0,8.0,12.399
8.405,4.0,12.0,64.0,30.0,50.0,15.0,20.405
8.452,4.0,8.0,20.0,14.0,30.0,1.0,13.452
8.484,2.0,4.0,10.0,10.0,5.0,40.0,13.484
8.52,2.0,4.0,10.0,10.0,5.0,40.0,24.52
8.547,2.0,4.0,10.0,8.0,15.0,7.0,20.547
8.651,2.0,16.0,20.0,25.0,35.0,25.0,12.651
8.654,4.0,4.0,16.0,20.0,25.0,2.0,19.654
8.658,4.0,8.0,20.0,14.0,30.0,1.0,12.658
8.667,1.0,2.0,5.0,2.0,8.0,35.0,17.667
8.779,2.0,4.0,8.0,5.0,10.0,8.0,11.779
8.8,4.0,8.0,25.0,15.0,40.0,30.0,10.8
8.819,2.0,16.0,20.0,25.0,35.0,25.0,11.819
8.83,4.0,4.0,16.0,20.0,25.0,2.0,21.83
8.836,2.0,4.0,8.0,5.0,10.0,8.0,13.836
8.838,2.0,16.0,20.0,25.0,35.0,25.0,14.838
8.862,4.0,4.0,16.0,20.0,25.0,2.0,17.862
8.863,4.0,16.0,64.0,30.0,54.0,20.0,16.863
8.893,2.0,4.0,10.0,8.0,15.0,7.0,18.893
8.898,2.0,4.0,10.0,10.0,5.0,40.0,17.898
8.94,2.0,4.0,10.0,8.0,15.0,7.0,19.94
8.952,4.0,8.0,25.0,15.0,40.0,30.0,11.952
8.957,2.0,4.0,8.0,5.0,10.0,8.0,13.957
8.96,2.0,4.0,10.0,10.0,5.0,40.0,17.96
8.964,4.0,8.0,32.0,20.0,45.0,1.0,17.964
9.008,4.0,12.0,64.0,30.0,50.0,15.0,21.008
9.018,4.0,8.0,16.0,25.0,28.0,5.0,22.018
9.022,4.0,8.0,20.0,14.0,30.0,1.0,19.022
9.041,1.0,2.0,5.0,2.0,8.0,35.0,18.041
9.061,2.0,4.0,8.0,5.0,10.0,8.0,11.061
9.063,2.0,4.0,10.0,8.0,15.0,7.0,15.063
9.091,4.0,8.0,20.0,14.0,30.0,1.0,11.091
9.164,2.0,4.0,8.0,5.0,10.0,8.0,13.164
9.192,2.0,16.0,20.0,25.0,35.0,25.0,13.192
9.211,2.0,4.0,10.0,8.0,15.0,7.0,14.211
9.213,4.0,8.0,25.0,15.0,40.0,30.0,12.213
9.226,2.0,16.0,20.0,25.0,35.0,25.0,13.226
9.24,4.0,8.0,25.0,15.0,40.0,30.0,16.24
9.257,4.0,8.0,20.0,14.0,30.0,1.0,12.257
9.265,4.0,8.0,25.0,15.0,40.0,30.0,10.265
9.296,2.0,4.0,10.0,8.0,15.0,7.0,21.296
9.303,1.0,2.0,5.0,2.0,8.0,35.0,19.303
9.328,1.0,2.0,5.0,2.0,8.0,35.0,19.328
9.483,1.0,2.0,5.0,2.0,8.0,35.0,21.483
9.51,4.0,8.0,25.0,15.0,40.0,30.0,13.51
9.522,2.0,16.0,20.0,25.0,35.0,25.0,15.522
9.537,1.0,2.0,5.0,2.0,8.0,35.0,17.537
9.548,4.0,8.0,20.0,14.0,30.0,1.0,13.548
9.557,1.0,2.0,5.0,2.0,8.0,35.0,19.557
9.573,4.0,12.0,64.0,30.0,50.0,15.0,19.573
9.616,4.0,4.0,16.0,20.0,25.0,2.0,19.616
9.625,2.0,4.0,10.0,8.0,15.0,7.0,18.625
9.666,4.0,8.0,20.0,14.0,30.0,1.0,13.666
9.691,1.0,2.0,5.0,2.0,8.0,35.0,14.691
9.723,4.0,8.0,25.0,15.0,40.0,30.0,13.723
9.745,4.0,8.0,20.0,14.0,30.0,1.0,13.745
9.768,2.0,4.0,10.0,10.0,5.0,40.0,17.768
9.778,1.0,2.0,5.0,2.0,8.0,35.0,16.778
9.948,4.0,16.0,64.0,30.0,54.0,20.0,17.948
9.967,2.0,4.0,10.0,10.0,5.0,40.0,23.967
9.977,1.0,2.0,5.0,2.0,8.0,35.0,20.977
9.98,4.0,8.0,16.0,25.0,28.0,5.0,21.98
10.125,2.0,4.0,8.0,5.0,10.0,8.0,11.125
10.161,4.0,8.0,20.0,14.0,30.0,1.0,16.161
10.213,4.0,8.0,25.0,15.0,40.0,30.0,12.213
10.223,4.0,4.0,16.0,20.0,25.0,2.0,15.223
10.249,4.0,8.0,25.0,15.0,40.0,30.0,15.249
10.258,2.0,16.0,20.0,25.0,35.0,25.0,11.258
10.368,2.0,4.0,10.0,10.0,5.0,40.0,16.368
10.381,2.0,4.0,8.0,5.0,10.0,8.0,13.381
10.4,2.0,4.0,10.0,10.0,5.0,40.0,20.4
10.404,4.0,8.0,20.0,14.0,30.0,1.0,18.404
10.482,4.0,8.0,25.0,15.0,40.0,30.0,10.482
10.597,2.0,4.0,8.0,5.0,10.0,8.0,10.597
10.602,2.0,4.0,8.0,5.0,10.0,8.0,12.602
10.624,4.0,16.0,64.0,30.0,54.0,20.0,20.624
10.658,1.0,2.0,5.0,2.0,8.0,35.0,15.658
10.669,2.0,4.0,10.0,8.0,15.0,7.0,14.669
10.698,2.0,16.0,20.0,25.0,35.0,25.0,17.698
10.739,4.0,16.0,64.0,30.0,54.0,20.0,18.739
10.749,2.0,4.0,8.0,5.0,10.0,8.0,13.749
10.836,4.0,8.0,20.0,14.0,30.0,1.0,14.836
10.854,4.0,8.0,16.0,25.0,28.0,5.0,21.854
10.881,1.0,2.0,5.0,2.0,8.0,35.0,19.881
10.881,2.0,16.0,20.0,25.0,35.0,25.0,15.881
10.893,2.0,4.0,10.0,10.0,5.0,40.0,22.893
10.945,1.0,2.0,5.0,2.0,8.0,35.0,20.945
10.971,2.0,16.0,20.0,25.0,35.0,25.0,18.971
10.991,4.0,8.0,16.0,25.0,28.0,5.0,20.991
11.008,2.0,4.0,10.0,10.0,5.0,40.0,21.008
11.048,2.0,4.0,10.0,8.0,15.0,7.0,20.048
11.055,2.0,4.0,8.0,5.0,10.0,8.0,14.055
11.078,2.0,4.0,10.0,10.0,5.0,40.0,25.078
11.081,2.0,4.0,8.0,5.0,10.0,8.0,13.081
11.089,2.0,4.0,10.0,8.0,15.0,7.0,23.089
11.143,2.0,4.0,10.0,8.0,15.0,7.0,25.143
11.24,4.0,8.0,25.0,15.0,40.0,30.0,13.24
11.253,2.0,16.0,20.0,25.0,35.0,25.0,14.253
11.259,2.0,4.0,10.0,8.0,15.0,7.0,20.259
11.288,2.0,4.0,10.0,8.0,15.0,7.0,20.288
11.297,2.0,4.0,10.0,10.0,5.0,40.0,17.297
11.317,2.0,4.0,8.0,5.0,10.0,8.0,13.317
11.343,2.0,4.0,10.0,10.0,5.0,40.0,22.343
11.362,2.0,4.0,10.0,8.0,15.0,7.0,24.362
11.366,2.0,4.0,8.0,5.0,10.0,8.0,15.366
11.372,2.0,16.0,20.0,25.0,35.0,25.0,19.372
11.398,2.0,4.0,8.0,5.0,10.0,8.0,13.398
11.41,4.0,8.0,20.0,14.0,30.0,1.0,19.41
11.41,4.0,12.0,64.0,30.0,50.0,15.0,16.41
11.451,4.0,8.0,16.0,25.0,28.0,5.0,20.451
11.464,4.0,8.0,25.0,15.0,40.0,30.0,13.464
11.466,4.0,16.0,64.0,30.0,54.0,20.0,19.466
11.492,1.0,2.0,5.0,2.0,8.0,35.0,22.492
11.498,4.0,8.0,20.0,14.0,30.0,1.0,16.498
11.565,2.0,4.0,10.0,10.0,5.0,40.0,27.565
11.566,2.0,4.0,10.0,8.0,15.0,7.0,27.566
11.601,2.0,4.0,10.0,8.0,15.0,7.0,19.601
11.616,4.0,12.0,64.0,30.0,50.0,15.0,19.616
11.675,4.0,12.0,64.0,30.0,50.0,15.0,17.675
11.73,2.0,4.0,8.0,5.0,10.0,8.0,14.73
11.732,4.0,8.0,16.0,25.0,28.0,5.0,24.732
11.753,2.0,4.0,8.0,5.0,10.0,8.0,15.753
11.828,2.0,4.0,8.0,5.0,10.0,8.0,14.828
11.921,4.0,8.0,16.0,25.0,28.0,5.0,20.921
11.951,4.0,8.0,16.0,25.0,28.0,5.0,26.951
11.962,4.0,12.0,64.0,30.0,50.0,15.0,16.962
11.996,4.0,8.0,32.0,20.0,45.0,1.0,18.996
12.007,4.0,8.0,20.0,14.0,30.0,1.0,16.007
12.026,4.0,4.0,16.0,20.0,25.0,2.0,22.026
12.048,2.0,4.0,8.0,5.0,10.0,8.0,15.048
12.061,2.0,4.0,8.0,5.0,10.0,8.0,16.061
12.08,1.0,2.0,5.0,2.0,8.0,35.0,23.08
12.082,4.0,8.0,32.0,20.0,45.0,1.0,21.082
12.12,2.0,16.0,20.0,25.0,35.0,25.0,19.12
12.136,2.0,4.0,10.0,10.0,5.0,40.0,23.136
12.201,2.0,16.0,20.0,25.0,35.0,25.0,23.201
12.226,4.0,4.0,16.0,20.0,25.0,2.0,20.226
12.238,4.0,12.0,64.0,30.0,50.0,15.0,24.238
12.31,2.0,4.0,8.0,5.0,10.0,8.0,17.31
12.31,2.0,16.0,20.0,25.0,35.0,25.0,18.31
12.352,2.0,4.0,10.0,10.0,5.0,40.0,21.352
12.369,1.0,2.0,5.0,2.0,8.0,35.0,26.369
12.371,2.0,4.0,8.0,5.0,10.0,8.0,17.371
12.373,4.0,8.0,25.0,15.0,40.0,30.0,15.373
12.391,2.0,4.0,10.0,8.0,15.0,7.0,24.391
12.422,4.0,8.0,20.0,14.0,30.0,1.0,17.422
12.442,4.0,8.0,25.0,15.0,40.0,30.0,18.442
12.447,1.0,2.0,5.0,2.0,8.0,35.0,18.447
12.596,4.0,16.0,64.0,30.0,54.0,20.0,25.596
12.68,4.0,16.0,64.0,30.0,54.0,20.0,17.68
12.705,4.0,8.0,32.0,20.0,45.0,1.0,23.705
12.708,4.0,16.0,64.0,30.0,54.0,20.0,25.708
12.759,1.0,2.0,5.0,2.0,8.0,35.0,23.759
12.76,2.0,4.0,10.0,8.0,15.0,7.0,20.76
12.762,4.0,8.0,16.0,25.0,28.0,5.0,17.762
12.789,4.0,8.0,25.0,15.0,40.0,30.0,14.789
12.792,4.0,8.0,20.0,14.0,30.0,1.0,18.792
12.794,4.0,8.0,20.0,14.0,30.0,1.0,14.794
12.83,2.0,16.0,20.0,25.0,35.0,25.0,18.83
12.84,4.0,8.0,20.0,14.0,30.0,1.0,15.84
12.936,2.0,16.0,20.0,25.0,35.0,25.0,16.936
12.941,2.0,4.0,10.0,8.0,15.0,7.0,23.941
12.983,2.0,16.0,20.0,25.0,35.0,25.0,17.983
12.986,4.0,8.0,16.0,25.0,28.0,5.0,21.986
12.996,2.0,16.0,20.0,25.0,35.0,25.0,14.996
13.016,2.0,4.0,10.0,10.0,5.0,40.0,21.016
13.078,4.0,8.0,32.0,20.0,45.0,1.0,25.078
13.082,2.0,16.0,20.0,25.0,35.0,25.0,20.082
13.143,2.0,16.0,20.0,25.0,35.0,25.0,14.143
13.153,1.0,2.0,5.0,2.0,8.0,35.0,29.153
13.16,2.0,4.0,8.0,5.0,10.0,8.0,14.16
13.188,2.0,4.0,8.0,5.0,10.0,8.0,16.188
13.202,4.0,8.0,16.0,25.0,28.0,5.0,19.202
13.318,4.0,8.0,16.0,25.0,28.0,5.0,20.318
13.355,4.0,8.0,32.0,20.0,45.0,1.0,21.355
13.375,4.0,4.0,16.0,20.0,25.0,2.0,24.375
13.409,4.0,8.0,20.0,14.0,30.0,1.0,15.409
13.41,2.0,4.0,8.0,5.0,10.0,8.0,16.41
13.53,2.0,16.0,20.0,25.0,35.0,25.0,18.53
13.58,4.0,4.0,16.0,20.0,25.0,2.0,33.58
13.597,4.0,8.0,25.0,15.0,40.0,30.0,15.597
13.674,2.0,4.0,8.0,5.0,10.0,8.0,17.674
13.701,4.0,4.0,16.0,20.0,25.0,2.0,22.701
13.729,1.0,2.0,5.0,2.0,8.0,35.0,23.729
13.803,2.0,16.0,20.0,25.0,35.0,25.0,20.803
13.828,4.0,8.0,16.0,25.0,28.0,5.0,26.828
13.867,2.0,4.0,8.0,5.0,10.0,8.0,20.867
13.92,2.0,4.0,8.0,5.0,10.0,8.0,16.92
13.994,2.0,4.0,10.0,8.0,15.0,7.0,29.994
14.037,4.0,16.0,64.0,30.0,54.0,20.0,22.037
14.077,4.0,8.0,20.0,14.0,30.0,1.0,20.077
14.1,1.0,2.0,5.0,2.0,8.0,35.0,30.1
14.117,4.0,8.0,20.0,14.0,30.0,1.0,21.117
14.14,2.0,4.0,8.0,5.0,10.0,8.0,16.14
14.16,2.0,16.0,20.0,25.0,35.0,25.0,17.16
14.195,2.0,4.0,8.0,5.0,10.0,8.0,18.195
14.199,2.0,4.0,10.0,8.0,15.0,7.0,28.199
14.207,4.0,8.0,25.0,15.0,40.0,30.0,18.207
14.222,2.0,16.0,20.0,25.0,35.0,25.0,18.222
14.223,4.0,4.0,16.0,20.0,25.0,2.0,20.223
14.233,2.0,4.0,10.0,10.0,5.0,40.0,22.233
14.262,1.0,2.0,5.0,2.0,8.0,35.0,23.262
14.303,2.0,4.0,10.0,8.0,15.0,7.0,23.303
14.337,4.0,8.0,32.0,20.0,45.0,1.0,23.337
14.421,4.0,8.0,16.0,25.0,28.0,5.0,24.421
14.446,1.0,2.0,5.0,2.0,8.0,35.0,19.446
14.483,4.0,8.0,32.0,20.0,45.0,1.0,27.483
14.488,4.0,8.0,32.0,20.0,45.0,1.0,21.488
14.535,2.0,4.0,8.0,5.0,10.0,8.0,17.535
14.67,2.0,16.0,20.0,25.0,35.0,25.0,18.67
14.772,2.0,4.0,8.0,5.0,10.0,8.0,18.772
14.821,1.0,2.0,5.0,2.0,8.0,35.0,27.821
14.84,2.0,4.0,10.0,10.0,5.0,40.0,18.84
14.863,2.0,4.0,10.0,8.0,15.0,7.0,21.863
14.864,4.0,8.0,20.0,14.0,30.0,1.0,18.864
